AA 0.850 0.732
KK 0.825 0.691
QQ 0.797 0.648
JJ 0.775 0.613
TT 0.749 0.572
99 0.720 0.535
88 0.691 0.499
AKs 0.671 0.508
AQs 0.661 0.493
AKo 0.652 0.483
AJs 0.656 0.481
ATs 0.649 0.474
77 0.665 0.465
AQo 0.645 0.469
KQs 0.632 0.474
KJs 0.629 0.459
AJo 0.634 0.454
A9s 0.626 0.450
KTs 0.618 0.449
ATo 0.628 0.444
66 0.634 0.430
A8s 0.619 0.437
KQo 0.612 0.440
QJs 0.599 0.445
KJo 0.603 0.433
A7s 0.609 0.424
QTs 0.591 0.433
K9s 0.599 0.424
A9o 0.605 0.417
KTo 0.597 0.417
A5s 0.600 0.412
A6s 0.600 0.409
A8o 0.604 0.404
JTs 0.572 0.421
QJo 0.581 0.415
A4s 0.585 0.410
55 0.605 0.399
Q9s 0.576 0.410
K8s 0.584 0.402
A7o 0.589 0.394
